326146241
28.988 -2.84893 2016-05-15 00:23:55 CEST 326146241 299184 107.499 0 1
track_1 + 56.5431 21.555 -0.261026 0.391109 1.61905 2.42511 0.0120439 0 0 0 0 3.07686 -0.820646 -0.823427 96.9993 -25.9093 234.935
track_2 - 8.95542 3.68047 -0.30316 0.423525 1.53718 2.21824 0.0673656 0 0 0 0 3.03714 -0.942965 -1.49181 95.8236 -29.9667 214.165
track_3 + 31.7511 5.05 -0.480545 0.159728 2.5253 6.20732 -0.116281 0 0 0 0 2.99202 -1.57287 12.6042 40.0507 -20.8917 272.02
track_4 + 4.26909 3.84177 1.81243 1.11955 0.467391 0.484595 0.0363915 0 0 0 0 -0.803966 3.24704 -6.92024 -25.5114 103.502 43.1166
track_5 - 12.4468 4.76598 -0.341423 0.392942 1.61426 2.41256 -0.0513367 0 0 0 0 3.35671 -1.19822 0.0628424 94.6031 -33.6216 233.685
track_6 + 11.3425 8.99972 -2.24637 0.916456 0.706752 0.767075 -0.416239 0 0 0 2 -7.6363 -9.46255 0.784148 -65.0416 -81.0969 71.2
track_7 - 17.7975 14.1103 -2.25809 0.915435 0.708039 0.768699 0.213872 0 0 0 2 -7.69822 -9.41266 0.781924 -65.818 -80.2216 71.2
cluster_1 0 70.5425 55.9507 -2.25347 0.915963 0.707374 0.767859 0 1.47582 0 5 1 0 0 0 0 0 0
cluster_2 0 57.4026 57.4006 1.88293 1.56244 0.00835236 0.00835246 0 0.63902 1.12383 5 1 0 0 0 0 0 0
---------------------------------
860195431
24.2818 0.384376 2016-05-12 06:27:35 CEST 860195431 298967 117.908 0 1
track_1 + 42.525 30.7147 -0.437309 2.33451 -0.851029 -0.95754 -0.00237765 0.982125 0 1 0 3.09937 -1.44921 -4.11948 90.9517 -42.52 -96.9803
track_2 - 8.67399 4.05665 -1.94596 2.65493 -1.39331 -1.88996 0.0141771 0 0 0 0 -1.22974 -3.1265 -7.17351 -36.7878 -93.4174 -190.576
track_3 + 14.8813 3.02147 -0.629359 2.93713 -2.27704 -4.8226 -0.0886302 0 0 0 0 2.63718 -1.93118 -16.6068 41.8443 -30.4792 -250.5
track_4 + 15.1385 5.76691 0.688246 2.75078 -1.61982 -2.42713 -0.0535809 0 0 0 0 2.42074 1.98386 -8.44373 77.5485 63.7683 -244.531
track_5 + 3.7782 3.74657 2.9478 1.4413 0.129855 0.13022 -0.0112561 0 0 0 0 -3.17784 0.624803 2.14044 -104.604 20.5299 15.6002
track_6 - 7.15288 3.02476 -2.59912 2.70498 -1.50579 -2.14294 -0.0276065 0 0 0 0 -3.06934 -1.84695 -5.94515 -85.9875 -51.8295 -213.42
track_7 - 8.82674 4.5099 -1.89387 2.60532 -1.29188 -1.68244 0.071897 0 0 0 0 -1.0722 -3.22513 -6.57435 -31.8684 -95.208 -169.773
track_8 - 8.32178 4.52793 -1.97347 2.56627 -1.21784 -1.54201 0.0610074 0 0 0 0 -1.30493 -3.07918 -6.00795 -39.3389 -92.3721 -155.669
cluster_1 0 51.2067 46.1289 1.9378 2.0199 -0.465008 -0.481949 0 -1.18806 0 4 1 0 0 0 0 0 0
cluster_2 0 85.8416 41.2348 -2.29262 0.501065 1.36293 1.82587 0 0.413691 0 4 1 0 0 0 0 0 0
cluster_3 0 2.70564 1.95025 -0.454277 2.33662 -0.853962 -0.961605 0 0 0 6 0 0 0 0 0 0 0
---------------------------------
1073767020
18.6063 0.372668 2016-05-20 11:51:01 CEST 1073767020 299584 122.131 0 1
track_1 - 13.1868 3.88644 -1.96487 0.299165 1.89241 3.24231 -0.0037625 0 0 0 0 -1.29399 -3.11092 14.1102 -31.7145 -76.2687 271
track_2 - 31.159 11.4632 1.67258 2.76485 -1.65741 -2.52754 -0.0233987 0 0 0 0 -0.322854 3.18393 -4.90178 -10.1994 99.8806 -250.578
track_3 - 50.0697 16.3055 1.37065 2.80989 -1.78742 -2.90333 0.0223561 0 0 0 0 0.659034 3.25991 -6.4712 18.7734 92.5534 -271
track_4 + 10.3273 3.33158 1.53756 2.81312 -1.7974 -2.9341 0.00950406 0 0 0 0 0.103025 3.12687 -5.98812 3.10478 93.3982 -271
track_5 + 58.3502 21.3917 1.66491 2.76623 -1.66118 -2.53779 -0.00293883 0 0 0 0 -0.29985 3.17987 -4.92195 -9.43444 99.9557 -251.611
track_6 + 91.4801 47.3985 2.03441 2.59693 -1.27558 -1.65075 -0.0481119 0 0 0 2 -5.56037 11.1325 -17.355 -44.8928 89.8042 -162.549
track_7 - 62.8513 32.5761 2.03118 2.59673 -1.27518 -1.64999 0.116181 0 0 0 2 -5.53908 11.1431 -17.3548 -44.617 89.9415 -162.481
cluster_1 0 181.473 94.043 2.03309 2.59683 -1.27538 -1.65036 0 3.35896 0 5 1 0 0 0 0 0 0
cluster_2 0 108.541 42.3494 -1.71534 2.74078 -1.59389 -2.35986 0 1.93388 0 4 1 0 0 0 0 0 0
---------------------------------
1255538359
30.4622 -0.0994443 2016-05-20 13:17:44 CEST 1255538359 299584 138.101 0 1
track_1 - 172.492 64.3041 -1.67672 2.75957 -1.64317 -2.48908 0.642004 0 0 0 2 -3.57506 -34.2312 -87.2662 -10.5513 -99.844 -251.502
track_2 + 23.0013 8.62476 -1.65237 2.75723 -1.6369 -2.47231 -3.06071 0 0 0 2 -3.10743 -34.2509 -87.2699 -8.48637 -100.041 -250.465
cluster_1 0 46.3303 46.2859 1.58374 1.52702 0.0437874 0.0438014 0 1.27413 0 4 1 0 0 0 0 0 0
cluster_2 0 145.817 54.5035 -1.67303 2.75851 -1.64032 -2.48146 0 2.12891 0 5 1 0 0 0 0 0 0
---------------------------------
1273292777
44.3236 1.19155 2016-05-20 13:25:20 CEST 1273292777 299584 112.975 0 1
track_1 - 31.2164 18.8592 -2.0882 2.4929 -1.08999 -1.31902 -0.0236636 0 0 0 0 -1.84803 -3.2424 -3.67008 -49.6624 -87.2571 -131.177
track_2 - 15.174 5.408 0.921873 0.364411 1.69147 2.62159 -0.0296813 0 0 0 0 2.01382 2.65006 9.99929 60.677 79.9904 264.482
track_3 + 3.13591 3.06612 -2.95326 1.35942 0.212964 0.214578 0.0131428 0 0 0 0 -3.19014 -0.609345 1.95451 -104.715 -19.9589 24.1316
track_4 + 38.7955 23.4448 -2.08516 2.49269 -1.08963 -1.31842 -0.0920495 0 0 0 1 -1.84421 -3.24481 -3.67095 -49.4026 -87.4045 -131.12
cluster_1 0 41.0616 39.4181 1.31716 1.28692 0.287772 0.29176 0 0.233656 1.39841 4 1 0 0 0 0 0 0
cluster_2 0 87.1473 52.656 -2.08671 2.49281 -1.08984 -1.31876 0 0.399914 0 5 1 0 0 0 0 0 0
---------------------------------
