0.000000    1.000000
0.084338    0.662578
0.168676    -0.114063
0.253014    -0.792747
0.337352    -0.918368
0.421690    -0.433808
0.506028    0.298194
0.590366    0.771623
0.674704    0.698377
0.759043    0.189003
0.843381    -0.364306
0.927719    -0.593142
1.012057    -0.406891
1.096395    -0.014445
1.180733    0.275868
1.265071    0.299915
1.349409    0.131676
1.433747    -0.027183
1.518085    -0.045535
1.602423    0.030053
1.686761    0.046243
1.771099    -0.083347
1.855437    -0.268667
1.939775    -0.307814
2.024113    -0.078069
2.108451    0.315673
2.192790    0.581491
2.277128    0.461358
2.361466    -0.037451
2.445804    -0.599372
2.530142    -0.807195
2.614480    -0.458161
2.698818    0.253733
2.783156    0.846141
2.867494    0.886450
2.951832    0.315261
3.036170    -0.491159
3.120508    -0.977637
3.204846    -0.804918
3.289184    -0.093708
3.373522    0.662319
3.457860    0.950192
3.542198    0.597659
3.626536    -0.120869
3.710875    -0.699720
3.795213    -0.768612
3.879551    -0.337965
3.963889    0.245446
4.048227    0.577225
4.132565    0.484707
4.216903    0.114159
4.301241    -0.225966
4.385579    -0.318458
4.469917    -0.181005
4.554255    -0.001660
4.638593    0.054548
4.722931    -0.010484
4.807269    -0.055200
4.891607    0.039143
4.975945    0.227867
5.060283    0.321703
5.144622    0.159285
5.228960    -0.216304
5.313298    -0.544286
5.397636    -0.533054
5.481974    -0.109577
5.566312    0.477093
5.650650    0.805814
5.734988    0.593873
5.819326    -0.065938
5.903664    -0.737396
5.988002    -0.939575
6.072340    -0.500782
6.156678    0.298580
6.241016    0.911587
6.325354    0.911587
6.409692    0.298580
6.494030    -0.500782
6.578369    -0.939575
6.662707    -0.737396
6.747045    -0.065938
6.831383    0.593873
6.915721    0.805814
7.000059    0.477093
7.084397    -0.109577
7.168735    -0.533054
7.253073    -0.544286
7.337411    -0.216304
7.421749    0.159285
7.506087    0.321703
7.590425    0.227867
7.674763    0.039143
7.759101    -0.055200
7.843439    -0.010484
7.927777    0.054548
8.012115    -0.001660
8.096454    -0.181005
8.180792    -0.318458
8.265130    -0.225966
8.349468    0.114159
8.433806    0.484707
8.518144    0.577225
8.602482    0.245446
8.686820    -0.337965
8.771158    -0.768612
8.855496    -0.699720
8.939834    -0.120869
9.024172    0.597659
9.108510    0.950192
9.192848    0.662319
9.277186    -0.093708
9.361524    -0.804918
9.445862    -0.977637
9.530201    -0.491159
9.614539    0.315261
9.698877    0.886450
9.783215    0.846141
9.867553    0.253733
9.951891    -0.458161
10.036229    -0.807195
10.120567    -0.599372
10.204905    -0.037451
10.289243    0.461358
10.373581    0.581491
10.457919    0.315673
10.542257    -0.078069
10.626595    -0.307814
10.710933    -0.268667
10.795271    -0.083347
10.879609    0.046243
10.963948    0.030053
11.048286    -0.045535
11.132624    -0.027183
11.216962    0.131676
11.301300    0.299915
11.385638    0.275868
11.469976    -0.014445
11.554314    -0.406891
11.638652    -0.593142
11.722990    -0.364306
11.807328    0.189003
11.891666    0.698377
11.976004    0.771623
12.060342    0.298194
12.144680    -0.433808
12.229018    -0.918368
12.313356    -0.792747
12.397694    -0.114063
12.482033    0.662578
12.566371    1.000000
