0.000000    0.207912
0.067114    0.414427
0.134228    0.608064
0.201342    0.776039
0.268456    0.905066
0.335570    0.982445
0.402685    0.997381
0.469799    0.942465
0.536913    0.815169
0.604027    0.619163
0.671141    0.365248
0.738255    0.071626
0.805369    -0.236690
0.872483    -0.529522
0.939597    -0.774263
1.006711    -0.939612
1.073826    -0.999988
1.140940    -0.940093
1.208054    -0.758921
1.275168    -0.472365
1.342282    -0.113611
1.409396    0.269326
1.476510    0.619163
1.543624    0.877725
1.610738    0.996143
1.677852    0.945251
1.744966    0.724043
1.812081    0.363939
1.879195    -0.073028
1.946309    -0.503040
2.013423    -0.835788
2.080537    -0.993918
2.147651    -0.932696
2.214765    -0.654909
2.281879    -0.216154
2.348993    0.282836
2.416107    0.717221
2.483221    0.969036
2.550336    0.960938
2.617450    0.683111
2.684564    0.203785
2.751678    -0.342901
2.818792    -0.791746
2.885906    -0.996386
2.953020    -0.879738
3.020134    -0.467402
3.087248    0.110817
3.154362    0.657031
3.221477    0.971419
3.288591    0.927534
3.355705    0.528329
3.422819    -0.082837
3.489933    -0.667562
3.557047    -0.983223
3.624161    -0.886334
3.691275    -0.404167
3.758389    0.262551
3.825503    0.816794
3.892617    0.996505
3.959732    0.703370
4.026846    0.064614
4.093960    -0.612518
4.161074    -0.983983
4.228188    -0.846430
4.295302    -0.257121
4.362416    0.477313
4.429530    0.953205
4.496644    0.892755
4.563758    0.315027
4.630872    -0.453677
4.697987    -0.955306
4.765101    -0.873653
4.832215    -0.243513
4.899329    0.547289
4.966443    0.987523
5.033557    0.775152
5.100671    0.036538
5.167785    -0.732710
5.234899    -0.992954
5.302013    -0.544934
5.369128    0.302995
5.436242    0.932188
5.503356    0.862490
5.570470    0.130352
5.637584    -0.708348
5.704698    -0.989840
5.771812    -0.473603
5.838926    0.434788
5.906040    0.985690
5.973154    0.703370
6.040268    -0.187243
6.107383    -0.918895
6.174497    -0.836559
6.241611    0.002811
6.308725    0.844177
6.375839    0.902661
6.442953    0.106625
6.510067    -0.796020
6.577181    -0.926480
6.644295    -0.140101
6.711409    0.790887
6.778523    0.920001
6.845638    0.098236
6.912752    -0.830345
6.979866    -0.879738
7.046980    0.019678
7.114094    0.901448
7.181208    0.787433
7.248322    -0.212035
7.315436    -0.974026
7.382550    -0.614738
7.449664    0.464915
7.516779    0.997772
7.583893    0.334966
7.651007    -0.737475
7.718121    -0.905663
7.785235    0.054792
7.852349    0.949304
7.919463    0.633408
7.986577    -0.503040
8.053691    -0.984233
8.120805    -0.162332
8.187919    0.879738
8.255034    0.730794
8.322148    -0.422087
8.389262    -0.991740
8.456376    -0.169263
8.523490    0.895899
8.590604    0.675892
8.657718    -0.527135
8.724832    -0.958168
8.791946    0.033729
8.859060    0.977113
8.926174    0.438582
8.993289    -0.774263
9.060403    -0.788299
9.127517    0.433522
9.194631    0.970747
9.261745    -0.044965
9.328859    -0.989639
9.395973    -0.319026
9.463087    0.879069
9.530201    0.613629
9.597315    -0.685162
9.664430    -0.820828
9.731544    0.452424
9.798658    0.942934
9.865772    -0.216154
9.932886    -0.994522
10.000000    -0.000000
