0.000000    0.000000
0.067114    0.322744
0.134228    0.597335
0.201342    0.795544
0.268456    0.898636
0.335570    0.899054
0.402685    0.800803
0.469799    0.618558
0.536913    0.375634
0.604027    0.101079
0.671141    -0.173730
0.738255    -0.418631
0.805369    -0.607929
0.872483    -0.723049
0.939597    -0.754287
1.006711    -0.701524
1.073826    -0.573867
1.140940    -0.388279
1.208054    -0.167411
1.275168    0.063110
1.342282    0.277608
1.409396    0.453178
1.476510    0.572092
1.543624    0.623538
1.610738    0.604534
1.677852    0.519945
1.744966    0.381642
1.812081    0.206920
1.879195    0.016390
1.946309    -0.168419
2.013423    -0.327454
2.080537    -0.444281
2.147651    -0.507746
2.214765    -0.512992
2.281879    -0.461742
2.348993    -0.361848
2.416107    -0.226191
2.483221    -0.071069
2.550336    0.085728
2.617450    0.226931
2.684564    0.337659
2.751678    0.406967
2.818792    0.428883
2.885906    0.402873
2.953020    0.333684
3.020134    0.230610
3.087248    0.106300
3.154362    -0.024767
3.221477    -0.147944
3.288591    -0.250026
3.355705    -0.320644
3.422819    -0.353290
3.489933    -0.345883
3.557047    -0.300814
3.624161    -0.224516
3.691275    -0.126594
3.758389    -0.018646
3.825503    0.087088
3.892617    0.179093
3.959732    0.247814
4.026846    0.286631
4.093960    0.292465
4.161074    0.265976
4.228188    0.211348
4.295302    0.135685
4.362416    0.048120
4.429530    -0.041270
4.496644    -0.122602
4.563758    -0.187272
4.630872    -0.228840
4.697987    -0.243658
4.765101    -0.231154
4.832215    -0.193780
4.899329    -0.136617
4.966443    -0.066720
5.033557    0.007739
5.100671    0.078411
5.167785    0.137689
5.234899    0.179519
5.302013    0.200000
5.369128    0.197727
5.436242    0.173847
5.503356    0.131834
5.570470    0.077013
5.637584    0.015905
5.704698    -0.044536
5.771812    -0.097705
5.838926    -0.138054
5.906040    -0.161663
5.973154    -0.166600
6.040268    -0.153062
6.107383    -0.123263
6.174497    -0.081114
6.241611    -0.031729
6.308725    0.019189
6.375839    0.065991
6.442953    0.103706
6.510067    0.128552
6.577181    0.138312
6.644295    0.132510
6.711409    0.112396
6.778523    0.080744
6.845638    0.041481
6.912752    -0.000784
6.979866    -0.041295
7.046980    -0.075676
7.114094    -0.100396
7.181208    -0.113124
7.248322    -0.112937
7.315436    -0.100364
7.382550    -0.077276
7.449664    -0.046619
7.516779    -0.012056
7.583893    0.022465
7.651007    0.053158
7.718121    0.076808
7.785235    0.091095
7.852349    0.094823
7.919463    0.088000
7.986577    0.071789
8.053691    0.048341
8.120805    0.020514
8.187919    -0.008466
8.255034    -0.035373
8.322148    -0.057336
8.389262    -0.072142
8.456376    -0.078447
8.523490    -0.075895
8.590604    -0.065116
8.657718    -0.047618
8.724832    -0.025585
8.791946    -0.001614
8.859060    0.021588
8.926174    0.041505
8.993289    0.056082
9.060403    0.063929
9.127517    0.064452
9.194631    0.057883
9.261745    0.045221
9.328859    0.028097
9.395973    0.008565
9.463087    -0.011135
9.530201    -0.028836
9.597315    -0.042674
9.664430    -0.051283
9.731544    -0.053926
9.798658    -0.050547
9.865772    -0.041755
9.932886    -0.028728
10.000000    -0.013063
