0.000000    0.000000
0.084338    -0.084338
0.168676    -0.168676
0.253014    -0.253014
0.337352    -0.337352
0.421690    -0.421690
0.506028    -0.506028
0.590366    -0.590366
0.674704    -0.674704
0.759043    -0.759043
0.843381    -0.843381
0.927719    -0.927719
1.012057    -1.012057
1.096395    -1.096395
1.180733    -1.180733
1.265071    -1.265071
1.349409    -1.349409
1.433747    -1.433747
1.518085    -1.518085
1.602423    -1.602423
1.686761    -1.686761
1.771099    -1.771099
1.855437    -1.855437
1.939775    -1.939775
2.024113    -2.024113
2.108451    -2.108451
2.192790    -2.192790
2.277128    -2.277128
2.361466    -2.361466
2.445804    -2.445804
2.530142    -2.530142
2.614480    -2.614480
2.698818    -2.698818
2.783156    -2.783156
2.867494    -2.867494
2.951832    -2.951832
3.036170    -3.036170
3.120508    -3.120508
3.204846    -3.204846
3.289184    -3.289184
3.373522    -3.373522
3.457860    -3.457860
3.542198    -3.542198
3.626536    -3.626536
3.710875    -3.710875
3.795213    -3.795213
3.879551    -3.879551
3.963889    -3.963889
4.048227    -4.048227
4.132565    -4.132565
4.216903    -4.216903
4.301241    -4.301241
4.385579    -4.385579
4.469917    -4.469917
4.554255    -4.554255
4.638593    -4.638593
4.722931    -4.722931
4.807269    -4.807269
4.891607    -4.891607
4.975945    -4.975945
5.060283    -5.060283
5.144622    -5.144622
5.228960    -5.228960
5.313298    -5.313298
5.397636    -5.397636
5.481974    -5.481974
5.566312    -5.566312
5.650650    -5.650650
5.734988    -5.734988
5.819326    -5.819326
5.903664    -5.903664
5.988002    -5.988002
6.072340    -6.072340
6.156678    -6.156678