0.000000    0.000000
0.010010    0.030045
0.020020   -0.020080
0.030030    0.050090
0.040040   -0.070130
0.050051    0.100150
0.060061   -0.010200
0.070071    0.070220
0.080081   -0.030240
0.090091    0.020270
0.100101   -0.090300
0.110111    0.080320
0.120121   -0.060340
0.130131    0.060360
0.140141   -0.050380
0.150152    0.090400
0.160162   -0.030420
0.170172    0.040440
0.180182   -0.080460
0.190192    0.100480
0.200202   -0.110500
0.210212    0.050520
0.220222   -0.040540
0.230232    0.060560
0.240242   -0.030580
0.250253    0.020600
0.260263   -0.050620
0.270273    0.070640
0.280283   -0.010660
0.290293    0.080680
0.300303   -0.060700
0.310313    0.040720
0.320323   -0.080740
0.330333    0.050760
0.340343   -0.020780
0.350353    0.010800
0.360363   -0.070820
0.370373    0.060840
0.380383   -0.030860
0.390393    0.040880
0.400404   -0.060900
