0.000000    0.000000
0.020134    0.001203
0.040268    0.004756
0.060403    0.010563
0.080537    0.018514
0.100671    0.028486
0.120805    0.040344
0.140940    0.053942
0.161074    0.069124
0.181208    0.085727
0.201342    0.103578
0.221477    0.122499
0.241611    0.142307
0.261745    0.162815
0.281879    0.183832
0.302013    0.205166
0.322148    0.226626
0.342282    0.248018
0.362416    0.269153
0.382550    0.289844
0.402685    0.309907
0.422819    0.329163
0.442953    0.347440
0.463087    0.364571
0.483221    0.380399
0.503356    0.394772
0.523490    0.407551
0.543624    0.418603
0.563758    0.427810
0.583893    0.435061
0.604027    0.440260
0.624161    0.443320
0.644295    0.444170
0.664430    0.442749
0.684564    0.439010
0.704698    0.432920
0.724832    0.424458
0.744966    0.413618
0.765101    0.400408
0.785235    0.384846
0.805369    0.366966
0.825503    0.346815
0.845638    0.324452
0.865772    0.299948
0.885906    0.273387
0.906040    0.244863
0.926174    0.214484
0.946309    0.182366
0.966443    0.148634
0.986577    0.113426
1.006711    0.076886
1.026846    0.039165
1.046980    0.000424
1.067114    -0.039172
1.087248    -0.079452
1.107383    -0.120240
1.127517    -0.161355
1.147651    -0.202615
1.167785    -0.243834
1.187919    -0.284827
1.208054    -0.325406
1.228188    -0.365386
1.248322    -0.404581
1.268456    -0.442809
1.288591    -0.479891
1.308725    -0.515650
1.328859    -0.549916
1.348993    -0.582524
1.369128    -0.613313
1.389262    -0.642133
1.409396    -0.668838
1.429530    -0.693293
1.449664    -0.715370
1.469799    -0.734952
1.489933    -0.751931
1.510067    -0.766210
1.530201    -0.777705
1.550336    -0.786340
1.570470    -0.792052
1.590604    -0.794792
1.610738    -0.794522
1.630872    -0.791215
1.651007    -0.784859
1.671141    -0.775454
1.691275    -0.763012
1.711409    -0.747559
1.731544    -0.729133
1.751678    -0.707785
1.771812    -0.683577
1.791946    -0.656585
1.812081    -0.626895
1.832215    -0.594607
1.852349    -0.559829
1.872483    -0.522681
1.892617    -0.483295
1.912752    -0.441811
1.932886    -0.398377
1.953020    -0.353151
1.973154    -0.306299
1.993289    -0.257994
2.013423    -0.208416
2.033557    -0.157749
2.053691    -0.106185
2.073826    -0.053918
2.093960    -0.001145
2.114094    0.051931
2.134228    0.105108
2.154362    0.158181
2.174497    0.210946
2.194631    0.263200
2.214765    0.314738
2.234899    0.365362
2.255034    0.414872
2.275168    0.463076
2.295302    0.509783
2.315436    0.554809
2.335570    0.597976
2.355705    0.639113
2.375839    0.678055
2.395973    0.714645
2.416107    0.748737
2.436242    0.780192
2.456376    0.808881
2.476510    0.834686
2.496644    0.857500
2.516779    0.877226
2.536913    0.893781
2.557047    0.907090
2.577181    0.917095
2.597315    0.923746
2.617450    0.927010
2.637584    0.926863
2.657718    0.923297
2.677852    0.916314
2.697987    0.905932
2.718121    0.892180
2.738255    0.875102
2.758389    0.854751
2.778523    0.831197
2.798658    0.804518
2.818792    0.774808
2.838926    0.742169
2.859060    0.706718
2.879195    0.668579
2.899329    0.627889
2.919463    0.584794
2.939597    0.539450
2.959732    0.492020
2.979866    0.442677
3.000000    0.391600
