0.000000    0.000000
0.084338    0.333531
0.168676    0.649492
0.253014    0.931773
0.337352    1.167036
0.421690    1.345769
0.506028    1.462961
0.590366    1.518352
0.674704    1.516245
0.759043    1.464886
0.843381    1.375512
0.927719    1.261146
1.012057    1.135290
1.096395    1.010629
1.180733    0.897892
1.265071    0.804973
1.349409    0.736399
1.433747    0.693177
1.518085    0.673021
1.602423    0.670921
1.686761    0.679976
1.771099    0.692377
1.855437    0.700437
1.939775    0.697539
2.024113    0.678905
2.108451    0.642094
2.192790    0.587201
2.277128    0.516722
2.361466    0.435133
2.445804    0.348238
2.530142    0.262367
2.614480    0.183535
2.698818    0.116662
2.783156    0.064953
2.867494    0.029507
2.951832    0.009208
3.036170    0.000896
3.120508    -0.000195
3.204846    0.000209
3.289184    -0.003820
3.373522    -0.017618
3.457860    -0.045216
3.542198    -0.088791
3.626536    -0.148357
3.710875    -0.221730
3.795213    -0.304781
3.879551    -0.391955
3.963889    -0.476975
4.048227    -0.553670
4.132565    -0.616805
4.216903    -0.662825
4.301241    -0.690400
4.385579    -0.700707
4.469917    -0.697398
4.554255    -0.686253
4.638593    -0.674533
4.722931    -0.670112
4.807269    -0.680474
4.891607    -0.711690
4.975945    -0.767498
5.060283    -0.848589
5.144622    -0.952202
5.228960    -1.072082
5.313298    -1.198828
5.397636    -1.320604
5.481974    -1.424164
5.566312    -1.496077
5.650650    -1.524054
5.734988    -1.498214
5.819326    -1.412185
5.903664    -1.263893
5.988002    -1.055976
6.072340    -0.795755
6.156678    -0.494765
6.241016    -0.167881
6.325354    0.167881
6.409692    0.494765
6.494030    0.795755
6.578369    1.055976
6.662707    1.263893
6.747045    1.412185
6.831383    1.498214
6.915721    1.524054
7.000059    1.496077
7.084397    1.424164
7.168735    1.320604
7.253073    1.198828
7.337411    1.072082
7.421749    0.952202
7.506087    0.848589
7.590425    0.767498
7.674763    0.711690
7.759101    0.680474
7.843439    0.670112
7.927777    0.674533
8.012115    0.686253
8.096454    0.697398
8.180792    0.700707
8.265130    0.690400
8.349468    0.662825
8.433806    0.616805
8.518144    0.553670
8.602482    0.476975
8.686820    0.391955
8.771158    0.304781
8.855496    0.221730
8.939834    0.148357
9.024172    0.088791
9.108510    0.045216
9.192848    0.017618
9.277186    0.003820
9.361524    -0.000209
9.445862    0.000195
9.530201    -0.000896
9.614539    -0.009208
9.698877    -0.029507
9.783215    -0.064953
9.867553    -0.116662
9.951891    -0.183535
10.036229    -0.262367
10.120567    -0.348238
10.204905    -0.435133
10.289243    -0.516722
10.373581    -0.587201
10.457919    -0.642094
10.542257    -0.678905
10.626595    -0.697539
10.710933    -0.700437
10.795271    -0.692377
10.879609    -0.679976
10.963948    -0.670921
11.048286    -0.673021
11.132624    -0.693177
11.216962    -0.736399
11.301300    -0.804973
11.385638    -0.897892
11.469976    -1.010629
11.554314    -1.135290
11.638652    -1.261146
11.722990    -1.375512
11.807328    -1.464886
11.891666    -1.516245
11.976004    -1.518352
12.060342    -1.462961
12.144680    -1.345769
12.229018    -1.167036
12.313356    -0.931773
12.397694    -0.649492
12.482033    -0.333531
12.566371    -0.000000
