0.000000    0.000000
0.067114    0.000000
0.134228    0.000000
0.201342    0.000000
0.268456    0.000000
0.335570    0.000000
0.402685    0.000000
0.469799    0.000000
0.536913    0.000000
0.604027    0.000000
0.671141    0.000000
0.738255    0.000000
0.805369    0.000001
0.872483    0.000003
0.939597    0.000013
1.006711    0.000052
1.073826    0.000188
1.140940    0.000624
1.208054    0.001889
1.275168    0.005228
1.342282    0.013221
1.409396    0.030558
1.476510    0.064543
1.543624    0.124582
1.610738    0.219754
1.677852    0.354236
1.744966    0.521826
1.812081    0.702481
1.879195    0.864210
1.946309    0.971584
2.013423    0.998200
2.080537    0.937197
2.147651    0.804119
2.214765    0.630501
2.281879    0.451781
2.348993    0.295832
2.416107    0.177027
2.483221    0.096808
2.550336    0.048379
2.617450    0.022094
2.684564    0.009221
2.751678    0.003517
2.818792    0.001227
2.885906    0.000394
2.953020    0.000131
3.020134    0.000098
3.087248    0.000248
3.154362    0.000786
3.221477    0.002332
3.288591    0.006339
3.355705    0.015746
3.422819    0.035744
3.489933    0.074149
3.557047    0.140567
3.624161    0.243522
3.691275    0.385540
3.758389    0.557799
3.825503    0.737499
3.892617    0.891090
3.959732    0.983915
4.026846    0.992819
4.093960    0.915501
4.161074    0.771477
4.228188    0.594106
4.295302    0.418101
4.362416    0.268890
4.429530    0.158031
4.496644    0.084877
4.563758    0.041659
4.630872    0.018686
4.697987    0.007659
4.765101    0.002869
4.832215    0.000983
4.899329    0.000313
4.966443    0.000111
5.033557    0.000111
5.100671    0.000313
5.167785    0.000983
5.234899    0.002869
5.302013    0.007659
5.369128    0.018686
5.436242    0.041659
5.503356    0.084877
5.570470    0.158031
5.637584    0.268890
5.704698    0.418101
5.771812    0.594106
5.838926    0.771477
5.906040    0.915501
5.973154    0.992819
6.040268    0.983915
6.107383    0.891090
6.174497    0.737499
6.241611    0.557799
6.308725    0.385540
6.375839    0.243522
6.442953    0.140567
6.510067    0.074149
6.577181    0.035744
6.644295    0.015746
6.711409    0.006339
6.778523    0.002332
6.845638    0.000786
6.912752    0.000248
6.979866    0.000098
7.046980    0.000131
7.114094    0.000394
7.181208    0.001227
7.248322    0.003517
7.315436    0.009221
7.382550    0.022094
7.449664    0.048379
7.516779    0.096808
7.583893    0.177027
7.651007    0.295832
7.718121    0.451781
7.785235    0.630501
7.852349    0.804119
7.919463    0.937197
7.986577    0.998200
8.053691    0.971584
8.120805    0.864210
8.187919    0.702481
8.255034    0.521826
8.322148    0.354236
8.389262    0.219754
8.456376    0.124582
8.523490    0.064543
8.590604    0.030558
8.657718    0.013221
8.724832    0.005228
8.791946    0.001889
8.859060    0.000624
8.926174    0.000188
8.993289    0.000052
9.060403    0.000013
9.127517    0.000003
9.194631    0.000001
9.261745    0.000000
9.328859    0.000000
9.395973    0.000000
9.463087    0.000000
9.530201    0.000000
9.597315    0.000000
9.664430    0.000000
9.731544    0.000000
9.798658    0.000000
9.865772    0.000000
9.932886    0.000000
10.000000    0.000000
