0.000000    0.000000
0.084338    0.026846
0.168676    0.053691
0.253014    0.080537
0.337352    0.107383
0.421690    0.134228
0.506028    0.161074
0.590366    0.187919
0.674704    0.214765
0.759043    0.241611
0.843381    0.268456
0.927719    0.295302
1.012057    0.322148
1.096395    0.348993
1.180733    0.375839
1.265071    0.402685
1.349409    0.429530
1.433747    0.456376
1.518085    0.483221
1.602423    0.510067
1.686761    0.536913
1.771099    0.563758
1.855437    0.590604
1.939775    0.617450
2.024113    0.644295
2.108451    0.671141
2.192790    0.697987
2.277128    0.724832
2.361466    0.751678
2.445804    0.778523
2.530142    0.805369
2.614480    0.832215
2.698818    0.859060
2.783156    0.885906
2.867494    0.912752
2.951832    0.939597
3.036170    0.966443
3.120508    0.993289
3.204846    -0.979866
3.289184    -0.953020
3.373522    -0.926174
3.457860    -0.899329
3.542198    -0.872483
3.626536    -0.845638
3.710875    -0.818792
3.795213    -0.791946
3.879551    -0.765101
3.963889    -0.738255
4.048227    -0.711409
4.132565    -0.684564
4.216903    -0.657718
4.301241    -0.630872
4.385579    -0.604027
4.469917    -0.577181
4.554255    -0.550336
4.638593    -0.523490
4.722931    -0.496644
4.807269    -0.469799
4.891607    -0.442953
4.975945    -0.416107
5.060283    -0.389262
5.144622    -0.362416
5.228960    -0.335570
5.313298    -0.308725
5.397636    -0.281879
5.481974    -0.255034
5.566312    -0.228188
5.650650    -0.201342
5.734988    -0.174497
5.819326    -0.147651
5.903664    -0.120805
5.988002    -0.093960
6.072340    -0.067114
6.156678    -0.040268
6.241016    -0.013423
6.325354    0.013423
6.409692    0.040268
6.494030    0.067114
6.578369    0.093960
6.662707    0.120805
6.747045    0.147651
6.831383    0.174497
6.915721    0.201342
7.000059    0.228188
7.084397    0.255034
7.168735    0.281879
7.253073    0.308725
7.337411    0.335570
7.421749    0.362416
7.506087    0.389262
7.590425    0.416107
7.674763    0.442953
7.759101    0.469799
7.843439    0.496644
7.927777    0.523490
8.012115    0.550336
8.096454    0.577181
8.180792    0.604027
8.265130    0.630872
8.349468    0.657718
8.433806    0.684564
8.518144    0.711409
8.602482    0.738255
8.686820    0.765101
8.771158    0.791946
8.855496    0.818792
8.939834    0.845638
9.024172    0.872483
9.108510    0.899329
9.192848    0.926174
9.277186    0.953020
9.361524    0.979866
9.445862    -0.993289
9.530201    -0.966443
9.614539    -0.939597
9.698877    -0.912752
9.783215    -0.885906
9.867553    -0.859060
9.951891    -0.832215
10.036229    -0.805369
10.120567    -0.778523
10.204905    -0.751678
10.289243    -0.724832
10.373581    -0.697987
10.457919    -0.671141
10.542257    -0.644295
10.626595    -0.617450
10.710933    -0.590604
10.795271    -0.563758
10.879609    -0.536913
10.963948    -0.510067
11.048286    -0.483221
11.132624    -0.456376
11.216962    -0.429530
11.301300    -0.402685
11.385638    -0.375839
11.469976    -0.348993
11.554314    -0.322148
11.638652    -0.295302
11.722990    -0.268456
11.807328    -0.241611
11.891666    -0.214765
11.976004    -0.187919
12.060342    -0.161074
12.144680    -0.134228
12.229018    -0.107383
12.313356    -0.080537
12.397694    -0.053691
12.482033    -0.026846
12.566371    0.000000
