0.000000    0.000000
0.084338    0.084238
0.168676    0.167876
0.253014    0.250315
0.337352    0.330962
0.421690    0.409241
0.506028    0.484587
0.590366    0.556449
0.674704    0.624303
0.759043    0.687649
0.843381    0.746034
0.927719    0.799041
1.012057    0.846294
1.096395    0.887462
1.180733    0.922249
1.265071    0.950399
1.349409    0.971715
1.433747    0.986047
1.518085    0.993297
1.602423    0.993415
1.686761    0.986402
1.771099    0.972309
1.855437    0.951231
1.939775    0.923307
2.024113    0.888730
2.108451    0.847761
2.192790    0.800693
2.277128    0.747854
2.361466    0.689619
2.445804    0.626402
2.530142    0.558654
2.614480    0.486877
2.698818    0.411591
2.783156    0.333346
2.867494    0.252711
2.951832    0.170267
3.036170    0.086616
3.120508    0.002364
3.204846    -0.081858
3.289184    -0.165482
3.373522    -0.247915
3.457860    -0.328605
3.542198    -0.406954
3.626536    -0.482399
3.710875    -0.554394
3.795213    -0.622416
3.879551    -0.685973
3.963889    -0.744594
4.048227    -0.797861
4.132565    -0.845391
4.216903    -0.886851
4.301241    -0.921938
4.385579    -0.950393
4.469917    -0.972017
4.554255    -0.986653
4.638593    -0.994200
4.722931    -0.994611
4.807269    -0.987884
4.891607    -0.974070
4.975945    -0.953261
5.060283    -0.925590
5.144622    -0.891244
5.228960    -0.850481
5.313298    -0.803600
5.397636    -0.750930
5.481974    -0.692840
5.566312    -0.629744
5.650650    -0.552101
5.734988    -0.490412
5.819326    -0.415197
5.903664    -0.336998
5.988002    -0.256381
6.072340    -0.173934
6.156678    -0.090263
6.241016    -0.005991
6.325354    0.078248