0.000000    1.000000
0.010010    1.000000
0.020020    1.000000
0.030030    1.000000
0.040040    1.000000
0.050051    -1.000000
0.060061    -1.000000
0.070071    -1.000000
0.080081    -1.000000
0.090091    -1.000000
0.100101    1.000000
0.110111    1.000000
0.120121    1.000000
0.130131    1.000000
0.140141    1.000000
0.150152    -1.000000
0.160162    -1.000000
0.170172    -1.000000
0.180182    -1.000000
0.190192    -1.000000
0.200202    1.000000
0.210212    1.000000
0.220222    1.000000
0.230232    1.000000
0.240242    1.000000
0.250253    -1.000000
0.260263    -1.000000
0.270273    -1.000000
0.280283    -1.000000
0.290293    -1.000000
0.300303    1.000000
0.310313    1.000000
0.320323    1.000000
0.330333    1.000000
0.340343    1.000000
0.350353    -1.000000
0.360363    -1.000000
0.370373    -1.000000
0.380383    -1.000000
0.390393    -1.000000
0.400404    1.000000
