0.000000    0.000000
0.084338    0.000000
0.168676    0.000000
0.253014    0.000000
0.337352    0.000000
0.421690    0.000000
0.506028    0.000000
0.590366    0.000000
0.674704    0.000000
0.759043    0.000000
0.843381    0.000000
0.927719    0.000000
1.012057    0.000000
1.096395    0.000000
1.180733    0.000000
1.265071    0.000000
1.349409    0.000000
1.433747    0.000000
1.518085    1.000000
1.602423    1.000000
1.686761    1.000000
1.771099    1.000000
1.855437    1.000000
1.939775    1.000000
2.024113    1.000000
2.108451    1.000000
2.192790    1.000000
2.277128    1.000000
2.361466    1.000000
2.445804    1.000000
2.530142    1.000000
2.614480    1.000000
2.698818    1.000000
2.783156    1.000000
2.867494    1.000000
2.951832    1.000000
3.036170    2.000000
3.120508    2.000000
3.204846    2.000000
3.289184    2.000000
3.373522    2.000000
3.457860    2.000000
3.542198    2.000000
3.626536    2.000000
3.710875    2.000000
3.795213    2.000000
3.879551    2.000000
3.963889    2.000000
4.048227    2.000000
4.132565    2.000000
4.216903    2.000000
4.301241    2.000000
4.385579    2.000000
4.469917    2.000000
4.554255    3.000000
4.638593    3.000000
4.722931    3.000000
4.807269    3.000000
4.891607    3.000000
4.975945    3.000000
5.060283    3.000000
5.144622    3.000000
5.228960    3.000000
5.313298    3.000000
5.397636    3.000000
5.481974    3.000000
5.566312    3.000000
5.650650    3.000000
5.734988    3.000000
5.819326    3.000000
5.903664    3.000000
5.988002    3.000000
6.072340    3.000000
6.156678    3.000000
6.241016    3.000000
6.325354    3.000000