0.000000    -1.000000
0.084338    -0.946309
0.168676    -0.892617
0.253014    -0.838926
0.337352    -0.785235
0.421690    -0.731544
0.506028    -0.677852
0.590366    -0.624161
0.674704    -0.570470
0.759043    -0.516779
0.843381    -0.463087
0.927719    -0.409396
1.012057    -0.355705
1.096395    -0.302013
1.180733    -0.248322
1.265071    -0.194631
1.349409    -0.140940
1.433747    -0.087248
1.518085    -0.033557
1.602423    0.020134
1.686761    0.073826
1.771099    0.127517
1.855437    0.181208
1.939775    0.234899
2.024113    0.288591
2.108451    0.342282
2.192790    0.395973
2.277128    0.449664
2.361466    0.503356
2.445804    0.557047
2.530142    0.610738
2.614480    0.664430
2.698818    0.718121
2.783156    0.771812
2.867494    0.825503
2.951832    0.879195
3.036170    0.932886
3.120508    0.986577
3.204846    0.959732
3.289184    0.906040
3.373522    0.852349
3.457860    0.798658
3.542198    0.744966
3.626536    0.691275
3.710875    0.637584
3.795213    0.583893
3.879551    0.530201
3.963889    0.476510
4.048227    0.422819
4.132565    0.369128
4.216903    0.315436
4.301241    0.261745
4.385579    0.208054
4.469917    0.154362
4.554255    0.100671
4.638593    0.046980
4.722931    -0.006711
4.807269    -0.060403
4.891607    -0.114094
4.975945    -0.167785
5.060283    -0.221477
5.144622    -0.275168
5.228960    -0.328859
5.313298    -0.382550
5.397636    -0.436242
5.481974    -0.489933
5.566312    -0.543624
5.650650    -0.597315
5.734988    -0.651007
5.819326    -0.704698
5.903664    -0.758389
5.988002    -0.812081
6.072340    -0.865772
6.156678    -0.919463
6.241016    -0.973154
6.325354    -0.973154
6.409692    -0.919463
6.494030    -0.865772
6.578369    -0.812081
6.662707    -0.758389
6.747045    -0.704698
6.831383    -0.651007
6.915721    -0.597315
7.000059    -0.543624
7.084397    -0.489933
7.168735    -0.436242
7.253073    -0.382550
7.337411    -0.328859
7.421749    -0.275168
7.506087    -0.221477
7.590425    -0.167785
7.674763    -0.114094
7.759101    -0.060403
7.843439    -0.006711
7.927777    0.046980
8.012115    0.100671
8.096454    0.154362
8.180792    0.208054
8.265130    0.261745
8.349468    0.315436
8.433806    0.369128
8.518144    0.422819
8.602482    0.476510
8.686820    0.530201
8.771158    0.583893
8.855496    0.637584
8.939834    0.691275
9.024172    0.744966
9.108510    0.798658
9.192848    0.852349
9.277186    0.906040
9.361524    0.959732
9.445862    0.986577
9.530201    0.932886
9.614539    0.879195
9.698877    0.825503
9.783215    0.771812
9.867553    0.718121
9.951891    0.664430
10.036229    0.610738
10.120567    0.557047
10.204905    0.503356
10.289243    0.449664
10.373581    0.395973
10.457919    0.342282
10.542257    0.288591
10.626595    0.234899
10.710933    0.181208
10.795271    0.127517
10.879609    0.073826
10.963948    0.020134
11.048286    -0.033557
11.132624    -0.087248
11.216962    -0.140940
11.301300    -0.194631
11.385638    -0.248322
11.469976    -0.302013
11.554314    -0.355705
11.638652    -0.409396
11.722990    -0.463087
11.807328    -0.516779
11.891666    -0.570470
11.976004    -0.624161
12.060342    -0.677852
12.144680    -0.731544
12.229018    -0.785235
12.313356    -0.838926
12.397694    -0.892617
12.482033    -0.946309
12.566371    -1.000000
