-5.000000    0.000004
-4.932886    0.000005
-4.865772    0.000005
-4.798658    0.000004
-4.731544    0.000001
-4.664430    -0.000004
-4.597315    -0.000014
-4.530201    -0.000028
-4.463087    -0.000045
-4.395973    -0.000064
-4.328859    -0.000080
-4.261745    -0.000088
-4.194631    -0.000079
-4.127517    -0.000043
-4.060403    0.000031
-3.993289    0.000151
-3.926174    0.000319
-3.859060    0.000527
-3.791946    0.000750
-3.724832    0.000946
-3.657718    0.001053
-3.590604    0.000990
-3.523490    0.000669
-3.456376    0.000008
-3.389262    -0.001045
-3.322148    -0.002485
-3.255034    -0.004220
-3.187919    -0.006045
-3.120805    -0.007634
-3.053691    -0.008545
-2.986577    -0.008261
-2.919463    -0.006261
-2.852349    -0.002126
-2.785235    0.004330
-2.718121    0.012926
-2.651007    0.022993
-2.583893    0.033309
-2.516779    0.042120
-2.449664    0.047270
-2.382550    0.046464
-2.315436    0.037643
-2.248322    0.019451
-2.181208    -0.008285
-2.114094    -0.044139
-2.046980    -0.084841
-1.979866    -0.125302
-1.912752    -0.158977
-1.845638    -0.178594
-1.778523    -0.177212
-1.711409    -0.149486
-1.644295    -0.092967
-1.577181    -0.009202
-1.510067    0.095612
-1.442953    0.210637
-1.375839    0.321193
-1.308725    0.410375
-1.241611    0.461338
-1.174497    0.459994
-1.107383    0.397688
-1.040268    0.273423
-0.973154    0.095154
-0.906040    -0.120186
-0.838926    -0.348112
-0.771812    -0.559390
-0.704698    -0.723925
-0.637584    -0.815193
-0.570470    -0.814529
-0.503356    -0.714564
-0.436242    -0.521177
-0.369128    -0.253520
-0.302013    0.057986
-0.234899    0.375504
-0.167785    0.658922
-0.100671    0.871541
-0.033557    0.985402
0.033557    0.985402
0.100671    0.871541
0.167785    0.658922
0.234899    0.375504
0.302013    0.057986
0.369128    -0.253520
0.436242    -0.521177
0.503356    -0.714564
0.570470    -0.814529
0.637584    -0.815193
0.704698    -0.723925
0.771812    -0.559390
0.838926    -0.348112
0.906040    -0.120186
0.973154    0.095154
1.040268    0.273423
1.107383    0.397688
1.174497    0.459994
1.241611    0.461338
1.308725    0.410375
1.375839    0.321193
1.442953    0.210637
1.510067    0.095612
1.577181    -0.009202
1.644295    -0.092967
1.711409    -0.149486
1.778523    -0.177212
1.845638    -0.178594
1.912752    -0.158977
1.979866    -0.125302
2.046980    -0.084841
2.114094    -0.044139
2.181208    -0.008285
2.248322    0.019451
2.315436    0.037643
2.382550    0.046464
2.449664    0.047270
2.516779    0.042120
2.583893    0.033309
2.651007    0.022993
2.718121    0.012926
2.785235    0.004330
2.852349    -0.002126
2.919463    -0.006261
2.986577    -0.008261
3.053691    -0.008545
3.120805    -0.007634
3.187919    -0.006045
3.255034    -0.004220
3.322148    -0.002485
3.389262    -0.001045
3.456376    0.000008
3.523490    0.000669
3.590604    0.000990
3.657718    0.001053
3.724832    0.000946
3.791946    0.000750
3.859060    0.000527
3.926174    0.000319
3.993289    0.000151
4.060403    0.000031
4.127517    -0.000043
4.194631    -0.000079
4.261745    -0.000088
4.328859    -0.000080
4.395973    -0.000064
4.463087    -0.000045
4.530201    -0.000028
4.597315    -0.000014
4.664430    -0.000004
4.731544    0.000001
4.798658    0.000004
4.865772    0.000005
4.932886    0.000005
5.000000    0.000004
